synch: 2.860915184020996
threading: 3.0665476322174072
multiprocessing: 0.9146673679351807
